[   (41, [4]),
    (42, [1]),
    (75, [4]),
    (0, [4, 5]),
    (3, [4, 9]),
    (8, [5, 7]),
    (11, [4, 7]),
    (13, [4, 7]),
    (15, [7, 8]),
    (18, [2, 5]),
    (22, [7, 9]),
    (38, [4, 9]),
    (62, [4, 7]),
    (65, [4, 7]),
    (69, [1, 7]),
    (72, [4, 6]),
    (77, [4, 7]),
    (5, [1, 4, 7]),
    (16, [2, 7, 8]),
    (19, [2, 5, 7]),
    (27, [3, 4, 5]),
    (28, [3, 4, 5]),
    (39, [4, 5, 9]),
    (53, [3, 4, 5]),
    (54, [1, 3, 4]),
    (58, [4, 7, 8]),
    (67, [4, 5, 7]),
    (1, [4, 5, 7, 8]),
    (7, [5, 7, 8, 9]),
    (26, [2, 3, 5, 7]),
    (31, [3, 4, 5, 6]),
    (45, [1, 3, 4, 5]),
    (49, [3, 4, 5, 9]),
    (52, [1, 3, 4, 5]),
    (55, [1, 3, 4, 7]),
    (61, [1, 4, 7, 8]),
    (64, [1, 4, 6, 7]),
    (70, [1, 4, 6, 7]),
    (73, [4, 6, 7, 9]),
    (80, [2, 4, 6, 7]),
    (10, [2, 4, 6, 7, 8]),
    (25, [2, 3, 5, 7, 9]),
    (34, [3, 4, 5, 6, 7]),
    (35, [3, 4, 5, 6, 7]),
    (40, [3, 4, 5, 6, 9]),
    (43, [1, 3, 4, 5, 6]),
    (46, [1, 3, 4, 5, 9]),
    (79, [2, 4, 6, 7, 8]),
    (37, [1, 2, 3, 4, 5, 9])]
[0, 0, 3, 0, 2, 0, 6, 0, 0, 9, 0, 0, 3, 0, 5, 0, 0, 1, 0, 0, 1, 8, 0, 6, 4, 0, 0, 0, 0, 8, 1, 0, 2, 9, 0, 0, 7, 0, 0, 0, 0, 4, 0, 0, 8, 0, 0, 6, 7, 0, 8, 2, 0, 0, 0, 0, 2, 6, 0, 9, 5, 0, 0, 8, 0, 0, 2, 0, 3, 0, 0, 9, 0, 0, 5, 0, 1, 0, 3, 0, 0]
[   (42, [1]),
    (75, [4]),
    (0, [4, 5]),
    (3, [4, 9]),
    (8, [5, 7]),
    (11, [4, 7]),
    (13, [4, 7]),
    (15, [7, 8]),
    (18, [2, 5]),
    (22, [7, 9]),
    (38, [4, 9]),
    (62, [4, 7]),
    (65, [4, 7]),
    (69, [1, 7]),
    (72, [4, 6]),
    (77, [4, 7]),
    (5, [1, 4, 7]),
    (16, [2, 7, 8]),
    (19, [2, 5, 7]),
    (27, [3, 4, 5]),
    (28, [3, 4, 5]),
    (39, [4, 5, 9]),
    (53, [3, 4, 5]),
    (54, [1, 3, 4]),
    (58, [4, 7, 8]),
    (67, [4, 5, 7]),
    (1, [4, 5, 7, 8]),
    (7, [5, 7, 8, 9]),
    (26, [2, 3, 5, 7]),
    (31, [3, 4, 5, 6]),
    (45, [1, 3, 4, 5]),
    (49, [3, 4, 5, 9]),
    (52, [1, 3, 4, 5]),
    (55, [1, 3, 4, 7]),
    (61, [1, 4, 7, 8]),
    (64, [1, 4, 6, 7]),
    (70, [1, 4, 6, 7]),
    (73, [4, 6, 7, 9]),
    (80, [2, 4, 6, 7]),
    (10, [2, 4, 6, 7, 8]),
    (25, [2, 3, 5, 7, 9]),
    (34, [3, 4, 5, 6, 7]),
    (35, [3, 4, 5, 6, 7]),
    (40, [3, 4, 5, 6, 9]),
    (43, [1, 3, 4, 5, 6]),
    (46, [1, 3, 4, 5, 9]),
    (79, [2, 4, 6, 7, 8]),
    (37, [1, 2, 3, 4, 5, 9])]
[0, 0, 3, 0, 2, 0, 6, 0, 0, 9, 0, 0, 3, 0, 5, 0, 0, 1, 0, 0, 1, 8, 0, 6, 4, 0, 0, 0, 0, 8, 1, 0, 2, 9, 0, 0, 7, 0, 0, 0, 0, 4, 1, 0, 8, 0, 0, 6, 7, 0, 8, 2, 0, 0, 0, 0, 2, 6, 0, 9, 5, 0, 0, 8, 0, 0, 2, 0, 3, 0, 0, 9, 0, 0, 5, 0, 1, 0, 3, 0, 0]
[   (75, [4]),
    (0, [4, 5]),
    (3, [4, 9]),
    (8, [5, 7]),
    (11, [4, 7]),
    (13, [4, 7]),
    (15, [7, 8]),
    (18, [2, 5]),
    (22, [7, 9]),
    (38, [4, 9]),
    (62, [4, 7]),
    (65, [4, 7]),
    (69, [1, 7]),
    (72, [4, 6]),
    (77, [4, 7]),
    (5, [1, 4, 7]),
    (16, [2, 7, 8]),
    (19, [2, 5, 7]),
    (27, [3, 4, 5]),
    (28, [3, 4, 5]),
    (39, [4, 5, 9]),
    (53, [3, 4, 5]),
    (54, [1, 3, 4]),
    (58, [4, 7, 8]),
    (67, [4, 5, 7]),
    (1, [4, 5, 7, 8]),
    (7, [5, 7, 8, 9]),
    (26, [2, 3, 5, 7]),
    (31, [3, 4, 5, 6]),
    (45, [1, 3, 4, 5]),
    (49, [3, 4, 5, 9]),
    (52, [1, 3, 4, 5]),
    (55, [1, 3, 4, 7]),
    (61, [1, 4, 7, 8]),
    (64, [1, 4, 6, 7]),
    (70, [1, 4, 6, 7]),
    (73, [4, 6, 7, 9]),
    (80, [2, 4, 6, 7]),
    (10, [2, 4, 6, 7, 8]),
    (25, [2, 3, 5, 7, 9]),
    (34, [3, 4, 5, 6, 7]),
    (35, [3, 4, 5, 6, 7]),
    (40, [3, 4, 5, 6, 9]),
    (43, [1, 3, 4, 5, 6]),
    (46, [1, 3, 4, 5, 9]),
    (79, [2, 4, 6, 7, 8]),
    (37, [1, 2, 3, 4, 5, 9])]
[0, 0, 3, 0, 2, 0, 6, 0, 0, 9, 0, 0, 3, 0, 5, 0, 0, 1, 0, 0, 1, 8, 0, 6, 4, 0, 0, 0, 0, 8, 1, 0, 2, 9, 0, 0, 7, 0, 0, 0, 0, 4, 1, 0, 8, 0, 0, 6, 7, 0, 8, 2, 0, 0, 0, 0, 2, 6, 0, 9, 5, 0, 0, 8, 0, 0, 2, 0, 3, 0, 0, 9, 0, 0, 5, 4, 1, 0, 3, 0, 0]
[   (0, [4, 5]),
    (3, [4, 9]),
    (8, [5, 7]),
    (11, [4, 7]),
    (13, [4, 7]),
    (15, [7, 8]),
    (18, [2, 5]),
    (22, [7, 9]),
    (38, [4, 9]),
    (62, [4, 7]),
    (65, [4, 7]),
    (69, [1, 7]),
    (72, [4, 6]),
    (77, [4, 7]),
    (5, [1, 4, 7]),
    (16, [2, 7, 8]),
    (19, [2, 5, 7]),
    (27, [3, 4, 5]),
    (28, [3, 4, 5]),
    (39, [4, 5, 9]),
    (53, [3, 4, 5]),
    (54, [1, 3, 4]),
    (58, [4, 7, 8]),
    (67, [4, 5, 7]),
    (1, [4, 5, 7, 8]),
    (7, [5, 7, 8, 9]),
    (26, [2, 3, 5, 7]),
    (31, [3, 4, 5, 6]),
    (45, [1, 3, 4, 5]),
    (49, [3, 4, 5, 9]),
    (52, [1, 3, 4, 5]),
    (55, [1, 3, 4, 7]),
    (61, [1, 4, 7, 8]),
    (64, [1, 4, 6, 7]),
    (70, [1, 4, 6, 7]),
    (73, [4, 6, 7, 9]),
    (80, [2, 4, 6, 7]),
    (10, [2, 4, 6, 7, 8]),
    (25, [2, 3, 5, 7, 9]),
    (34, [3, 4, 5, 6, 7]),
    (35, [3, 4, 5, 6, 7]),
    (40, [3, 4, 5, 6, 9]),
    (43, [1, 3, 4, 5, 6]),
    (46, [1, 3, 4, 5, 9]),
    (79, [2, 4, 6, 7, 8]),
    (37, [1, 2, 3, 4, 5, 9])]
[4, 0, 3, 0, 2, 0, 6, 0, 0, 9, 0, 0, 3, 0, 5, 0, 0, 1, 0, 0, 1, 8, 0, 6, 4, 0, 0, 0, 0, 8, 1, 0, 2, 9, 0, 0, 7, 0, 0, 0, 0, 4, 1, 0, 8, 0, 0, 6, 7, 0, 8, 2, 0, 0, 0, 0, 2, 6, 0, 9, 5, 0, 0, 8, 0, 0, 2, 0, 3, 0, 0, 9, 0, 0, 5, 4, 1, 0, 3, 0, 0]
[   (3, [4, 9]),
    (8, [5, 7]),
    (11, [4, 7]),
    (13, [4, 7]),
    (15, [7, 8]),
    (18, [2, 5]),
    (22, [7, 9]),
    (38, [4, 9]),
    (62, [4, 7]),
    (65, [4, 7]),
    (69, [1, 7]),
    (72, [4, 6]),
    (77, [4, 7]),
    (5, [1, 4, 7]),
    (16, [2, 7, 8]),
    (19, [2, 5, 7]),
    (27, [3, 4, 5]),
    (28, [3, 4, 5]),
    (39, [4, 5, 9]),
    (53, [3, 4, 5]),
    (54, [1, 3, 4]),
    (58, [4, 7, 8]),
    (67, [4, 5, 7]),
    (1, [4, 5, 7, 8]),
    (7, [5, 7, 8, 9]),
    (26, [2, 3, 5, 7]),
    (31, [3, 4, 5, 6]),
    (45, [1, 3, 4, 5]),
    (49, [3, 4, 5, 9]),
    (52, [1, 3, 4, 5]),
    (55, [1, 3, 4, 7]),
    (61, [1, 4, 7, 8]),
    (64, [1, 4, 6, 7]),
    (70, [1, 4, 6, 7]),
    (73, [4, 6, 7, 9]),
    (80, [2, 4, 6, 7]),
    (10, [2, 4, 6, 7, 8]),
    (25, [2, 3, 5, 7, 9]),
    (34, [3, 4, 5, 6, 7]),
    (35, [3, 4, 5, 6, 7]),
    (40, [3, 4, 5, 6, 9]),
    (43, [1, 3, 4, 5, 6]),
    (46, [1, 3, 4, 5, 9]),
    (79, [2, 4, 6, 7, 8]),
    (37, [1, 2, 3, 4, 5, 9])]
[4, 0, 3, 4, 2, 0, 6, 0, 0, 9, 0, 0, 3, 0, 5, 0, 0, 1, 0, 0, 1, 8, 0, 6, 4, 0, 0, 0, 0, 8, 1, 0, 2, 9, 0, 0, 7, 0, 0, 0, 0, 4, 1, 0, 8, 0, 0, 6, 7, 0, 8, 2, 0, 0, 0, 0, 2, 6, 0, 9, 5, 0, 0, 8, 0, 0, 2, 0, 3, 0, 0, 9, 0, 0, 5, 4, 1, 0, 3, 0, 0]
[   (8, [5, 7]),
    (11, [4, 7]),
    (13, [4, 7]),
    (15, [7, 8]),
    (18, [2, 5]),
    (22, [7, 9]),
    (38, [4, 9]),
    (62, [4, 7]),
    (65, [4, 7]),
    (69, [1, 7]),
    (72, [4, 6]),
    (77, [4, 7]),
    (5, [1, 4, 7]),
    (16, [2, 7, 8]),
    (19, [2, 5, 7]),
    (27, [3, 4, 5]),
    (28, [3, 4, 5]),
    (39, [4, 5, 9]),
    (53, [3, 4, 5]),
    (54, [1, 3, 4]),
    (58, [4, 7, 8]),
    (67, [4, 5, 7]),
    (1, [4, 5, 7, 8]),
    (7, [5, 7, 8, 9]),
    (26, [2, 3, 5, 7]),
    (31, [3, 4, 5, 6]),
    (45, [1, 3, 4, 5]),
    (49, [3, 4, 5, 9]),
    (52, [1, 3, 4, 5]),
    (55, [1, 3, 4, 7]),
    (61, [1, 4, 7, 8]),
    (64, [1, 4, 6, 7]),
    (70, [1, 4, 6, 7]),
    (73, [4, 6, 7, 9]),
    (80, [2, 4, 6, 7]),
    (10, [2, 4, 6, 7, 8]),
    (25, [2, 3, 5, 7, 9]),
    (34, [3, 4, 5, 6, 7]),
    (35, [3, 4, 5, 6, 7]),
    (40, [3, 4, 5, 6, 9]),
    (43, [1, 3, 4, 5, 6]),
    (46, [1, 3, 4, 5, 9]),
    (79, [2, 4, 6, 7, 8]),
    (37, [1, 2, 3, 4, 5, 9])]
[4, 0, 3, 4, 2, 0, 6, 0, 5, 9, 0, 0, 3, 0, 5, 0, 0, 1, 0, 0, 1, 8, 0, 6, 4, 0, 0, 0, 0, 8, 1, 0, 2, 9, 0, 0, 7, 0, 0, 0, 0, 4, 1, 0, 8, 0, 0, 6, 7, 0, 8, 2, 0, 0, 0, 0, 2, 6, 0, 9, 5, 0, 0, 8, 0, 0, 2, 0, 3, 0, 0, 9, 0, 0, 5, 4, 1, 0, 3, 0, 0]
[   (11, [4, 7]),
    (13, [4, 7]),
    (15, [7, 8]),
    (18, [2, 5]),
    (22, [7, 9]),
    (38, [4, 9]),
    (62, [4, 7]),
    (65, [4, 7]),
    (69, [1, 7]),
    (72, [4, 6]),
    (77, [4, 7]),
    (5, [1, 4, 7]),
    (16, [2, 7, 8]),
    (19, [2, 5, 7]),
    (27, [3, 4, 5]),
    (28, [3, 4, 5]),
    (39, [4, 5, 9]),
    (53, [3, 4, 5]),
    (54, [1, 3, 4]),
    (58, [4, 7, 8]),
    (67, [4, 5, 7]),
    (1, [4, 5, 7, 8]),
    (7, [5, 7, 8, 9]),
    (26, [2, 3, 5, 7]),
    (31, [3, 4, 5, 6]),
    (45, [1, 3, 4, 5]),
    (49, [3, 4, 5, 9]),
    (52, [1, 3, 4, 5]),
    (55, [1, 3, 4, 7]),
    (61, [1, 4, 7, 8]),
    (64, [1, 4, 6, 7]),
    (70, [1, 4, 6, 7]),
    (73, [4, 6, 7, 9]),
    (80, [2, 4, 6, 7]),
    (10, [2, 4, 6, 7, 8]),
    (25, [2, 3, 5, 7, 9]),
    (34, [3, 4, 5, 6, 7]),
    (35, [3, 4, 5, 6, 7]),
    (40, [3, 4, 5, 6, 9]),
    (43, [1, 3, 4, 5, 6]),
    (46, [1, 3, 4, 5, 9]),
    (79, [2, 4, 6, 7, 8]),
    (37, [1, 2, 3, 4, 5, 9])]
[4, 0, 3, 4, 2, 0, 6, 0, 5, 9, 0, 4, 3, 0, 5, 0, 0, 1, 0, 0, 1, 8, 0, 6, 4, 0, 0, 0, 0, 8, 1, 0, 2, 9, 0, 0, 7, 0, 0, 0, 0, 4, 1, 0, 8, 0, 0, 6, 7, 0, 8, 2, 0, 0, 0, 0, 2, 6, 0, 9, 5, 0, 0, 8, 0, 0, 2, 0, 3, 0, 0, 9, 0, 0, 5, 4, 1, 0, 3, 0, 0]
[   (13, [4, 7]),
    (15, [7, 8]),
    (18, [2, 5]),
    (22, [7, 9]),
    (38, [4, 9]),
    (62, [4, 7]),
    (65, [4, 7]),
    (69, [1, 7]),
    (72, [4, 6]),
    (77, [4, 7]),
    (5, [1, 4, 7]),
    (16, [2, 7, 8]),
    (19, [2, 5, 7]),
    (27, [3, 4, 5]),
    (28, [3, 4, 5]),
    (39, [4, 5, 9]),
    (53, [3, 4, 5]),
    (54, [1, 3, 4]),
    (58, [4, 7, 8]),
    (67, [4, 5, 7]),
    (1, [4, 5, 7, 8]),
    (7, [5, 7, 8, 9]),
    (26, [2, 3, 5, 7]),
    (31, [3, 4, 5, 6]),
    (45, [1, 3, 4, 5]),
    (49, [3, 4, 5, 9]),
    (52, [1, 3, 4, 5]),
    (55, [1, 3, 4, 7]),
    (61, [1, 4, 7, 8]),
    (64, [1, 4, 6, 7]),
    (70, [1, 4, 6, 7]),
    (73, [4, 6, 7, 9]),
    (80, [2, 4, 6, 7]),
    (10, [2, 4, 6, 7, 8]),
    (25, [2, 3, 5, 7, 9]),
    (34, [3, 4, 5, 6, 7]),
    (35, [3, 4, 5, 6, 7]),
    (40, [3, 4, 5, 6, 9]),
    (43, [1, 3, 4, 5, 6]),
    (46, [1, 3, 4, 5, 9]),
    (79, [2, 4, 6, 7, 8]),
    (37, [1, 2, 3, 4, 5, 9])]
[4, 0, 3, 4, 2, 0, 6, 0, 5, 9, 0, 4, 3, 4, 5, 0, 0, 1, 0, 0, 1, 8, 0, 6, 4, 0, 0, 0, 0, 8, 1, 0, 2, 9, 0, 0, 7, 0, 0, 0, 0, 4, 1, 0, 8, 0, 0, 6, 7, 0, 8, 2, 0, 0, 0, 0, 2, 6, 0, 9, 5, 0, 0, 8, 0, 0, 2, 0, 3, 0, 0, 9, 0, 0, 5, 4, 1, 0, 3, 0, 0]
[   (15, [7, 8]),
    (18, [2, 5]),
    (22, [7, 9]),
    (38, [4, 9]),
    (62, [4, 7]),
    (65, [4, 7]),
    (69, [1, 7]),
    (72, [4, 6]),
    (77, [4, 7]),
    (5, [1, 4, 7]),
    (16, [2, 7, 8]),
    (19, [2, 5, 7]),
    (27, [3, 4, 5]),
    (28, [3, 4, 5]),
    (39, [4, 5, 9]),
    (53, [3, 4, 5]),
    (54, [1, 3, 4]),
    (58, [4, 7, 8]),
    (67, [4, 5, 7]),
    (1, [4, 5, 7, 8]),
    (7, [5, 7, 8, 9]),
    (26, [2, 3, 5, 7]),
    (31, [3, 4, 5, 6]),
    (45, [1, 3, 4, 5]),
    (49, [3, 4, 5, 9]),
    (52, [1, 3, 4, 5]),
    (55, [1, 3, 4, 7]),
    (61, [1, 4, 7, 8]),
    (64, [1, 4, 6, 7]),
    (70, [1, 4, 6, 7]),
    (73, [4, 6, 7, 9]),
    (80, [2, 4, 6, 7]),
    (10, [2, 4, 6, 7, 8]),
    (25, [2, 3, 5, 7, 9]),
    (34, [3, 4, 5, 6, 7]),
    (35, [3, 4, 5, 6, 7]),
    (40, [3, 4, 5, 6, 9]),
    (43, [1, 3, 4, 5, 6]),
    (46, [1, 3, 4, 5, 9]),
    (79, [2, 4, 6, 7, 8]),
    (37, [1, 2, 3, 4, 5, 9])]
[4, 0, 3, 4, 2, 0, 6, 0, 5, 9, 0, 4, 3, 4, 5, 7, 0, 1, 0, 0, 1, 8, 0, 6, 4, 0, 0, 0, 0, 8, 1, 0, 2, 9, 0, 0, 7, 0, 0, 0, 0, 4, 1, 0, 8, 0, 0, 6, 7, 0, 8, 2, 0, 0, 0, 0, 2, 6, 0, 9, 5, 0, 0, 8, 0, 0, 2, 0, 3, 0, 0, 9, 0, 0, 5, 4, 1, 0, 3, 0, 0]
[   (18, [2, 5]),
    (22, [7, 9]),
    (38, [4, 9]),
    (62, [4, 7]),
    (65, [4, 7]),
    (69, [1, 7]),
    (72, [4, 6]),
    (77, [4, 7]),
    (5, [1, 4, 7]),
    (16, [2, 7, 8]),
    (19, [2, 5, 7]),
    (27, [3, 4, 5]),
    (28, [3, 4, 5]),
    (39, [4, 5, 9]),
    (53, [3, 4, 5]),
    (54, [1, 3, 4]),
    (58, [4, 7, 8]),
    (67, [4, 5, 7]),
    (1, [4, 5, 7, 8]),
    (7, [5, 7, 8, 9]),
    (26, [2, 3, 5, 7]),
    (31, [3, 4, 5, 6]),
    (45, [1, 3, 4, 5]),
    (49, [3, 4, 5, 9]),
    (52, [1, 3, 4, 5]),
    (55, [1, 3, 4, 7]),
    (61, [1, 4, 7, 8]),
    (64, [1, 4, 6, 7]),
    (70, [1, 4, 6, 7]),
    (73, [4, 6, 7, 9]),
    (80, [2, 4, 6, 7]),
    (10, [2, 4, 6, 7, 8]),
    (25, [2, 3, 5, 7, 9]),
    (34, [3, 4, 5, 6, 7]),
    (35, [3, 4, 5, 6, 7]),
    (40, [3, 4, 5, 6, 9]),
    (43, [1, 3, 4, 5, 6]),
    (46, [1, 3, 4, 5, 9]),
    (79, [2, 4, 6, 7, 8]),
    (37, [1, 2, 3, 4, 5, 9])]
[4, 0, 3, 4, 2, 0, 6, 0, 5, 9, 0, 4, 3, 4, 5, 7, 0, 1, 2, 0, 1, 8, 0, 6, 4, 0, 0, 0, 0, 8, 1, 0, 2, 9, 0, 0, 7, 0, 0, 0, 0, 4, 1, 0, 8, 0, 0, 6, 7, 0, 8, 2, 0, 0, 0, 0, 2, 6, 0, 9, 5, 0, 0, 8, 0, 0, 2, 0, 3, 0, 0, 9, 0, 0, 5, 4, 1, 0, 3, 0, 0]
[   (22, [7, 9]),
    (38, [4, 9]),
    (62, [4, 7]),
    (65, [4, 7]),
    (69, [1, 7]),
    (72, [4, 6]),
    (77, [4, 7]),
    (5, [1, 4, 7]),
    (16, [2, 7, 8]),
    (19, [2, 5, 7]),
    (27, [3, 4, 5]),
    (28, [3, 4, 5]),
    (39, [4, 5, 9]),
    (53, [3, 4, 5]),
    (54, [1, 3, 4]),
    (58, [4, 7, 8]),
    (67, [4, 5, 7]),
    (1, [4, 5, 7, 8]),
    (7, [5, 7, 8, 9]),
    (26, [2, 3, 5, 7]),
    (31, [3, 4, 5, 6]),
    (45, [1, 3, 4, 5]),
    (49, [3, 4, 5, 9]),
    (52, [1, 3, 4, 5]),
    (55, [1, 3, 4, 7]),
    (61, [1, 4, 7, 8]),
    (64, [1, 4, 6, 7]),
    (70, [1, 4, 6, 7]),
    (73, [4, 6, 7, 9]),
    (80, [2, 4, 6, 7]),
    (10, [2, 4, 6, 7, 8]),
    (25, [2, 3, 5, 7, 9]),
    (34, [3, 4, 5, 6, 7]),
    (35, [3, 4, 5, 6, 7]),
    (40, [3, 4, 5, 6, 9]),
    (43, [1, 3, 4, 5, 6]),
    (46, [1, 3, 4, 5, 9]),
    (79, [2, 4, 6, 7, 8]),
    (37, [1, 2, 3, 4, 5, 9])]
[4, 0, 3, 4, 2, 0, 6, 0, 5, 9, 0, 4, 3, 4, 5, 7, 0, 1, 2, 0, 1, 8, 7, 6, 4, 0, 0, 0, 0, 8, 1, 0, 2, 9, 0, 0, 7, 0, 0, 0, 0, 4, 1, 0, 8, 0, 0, 6, 7, 0, 8, 2, 0, 0, 0, 0, 2, 6, 0, 9, 5, 0, 0, 8, 0, 0, 2, 0, 3, 0, 0, 9, 0, 0, 5, 4, 1, 0, 3, 0, 0]
[   (38, [4, 9]),
    (62, [4, 7]),
    (65, [4, 7]),
    (69, [1, 7]),
    (72, [4, 6]),
    (77, [4, 7]),
    (5, [1, 4, 7]),
    (16, [2, 7, 8]),
    (19, [2, 5, 7]),
    (27, [3, 4, 5]),
    (28, [3, 4, 5]),
    (39, [4, 5, 9]),
    (53, [3, 4, 5]),
    (54, [1, 3, 4]),
    (58, [4, 7, 8]),
    (67, [4, 5, 7]),
    (1, [4, 5, 7, 8]),
    (7, [5, 7, 8, 9]),
    (26, [2, 3, 5, 7]),
    (31, [3, 4, 5, 6]),
    (45, [1, 3, 4, 5]),
    (49, [3, 4, 5, 9]),
    (52, [1, 3, 4, 5]),
    (55, [1, 3, 4, 7]),
    (61, [1, 4, 7, 8]),
    (64, [1, 4, 6, 7]),
    (70, [1, 4, 6, 7]),
    (73, [4, 6, 7, 9]),
    (80, [2, 4, 6, 7]),
    (10, [2, 4, 6, 7, 8]),
    (25, [2, 3, 5, 7, 9]),
    (34, [3, 4, 5, 6, 7]),
    (35, [3, 4, 5, 6, 7]),
    (40, [3, 4, 5, 6, 9]),
    (43, [1, 3, 4, 5, 6]),
    (46, [1, 3, 4, 5, 9]),
    (79, [2, 4, 6, 7, 8]),
    (37, [1, 2, 3, 4, 5, 9])]
[4, 0, 3, 4, 2, 0, 6, 0, 5, 9, 0, 4, 3, 4, 5, 7, 0, 1, 2, 0, 1, 8, 7, 6, 4, 0, 0, 0, 0, 8, 1, 0, 2, 9, 0, 0, 7, 0, 4, 0, 0, 4, 1, 0, 8, 0, 0, 6, 7, 0, 8, 2, 0, 0, 0, 0, 2, 6, 0, 9, 5, 0, 0, 8, 0, 0, 2, 0, 3, 0, 0, 9, 0, 0, 5, 4, 1, 0, 3, 0, 0]
[   (62, [4, 7]),
    (65, [4, 7]),
    (69, [1, 7]),
    (72, [4, 6]),
    (77, [4, 7]),
    (5, [1, 4, 7]),
    (16, [2, 7, 8]),
    (19, [2, 5, 7]),
    (27, [3, 4, 5]),
    (28, [3, 4, 5]),
    (39, [4, 5, 9]),
    (53, [3, 4, 5]),
    (54, [1, 3, 4]),
    (58, [4, 7, 8]),
    (67, [4, 5, 7]),
    (1, [4, 5, 7, 8]),
    (7, [5, 7, 8, 9]),
    (26, [2, 3, 5, 7]),
    (31, [3, 4, 5, 6]),
    (45, [1, 3, 4, 5]),
    (49, [3, 4, 5, 9]),
    (52, [1, 3, 4, 5]),
    (55, [1, 3, 4, 7]),
    (61, [1, 4, 7, 8]),
    (64, [1, 4, 6, 7]),
    (70, [1, 4, 6, 7]),
    (73, [4, 6, 7, 9]),
    (80, [2, 4, 6, 7]),
    (10, [2, 4, 6, 7, 8]),
    (25, [2, 3, 5, 7, 9]),
    (34, [3, 4, 5, 6, 7]),
    (35, [3, 4, 5, 6, 7]),
    (40, [3, 4, 5, 6, 9]),
    (43, [1, 3, 4, 5, 6]),
    (46, [1, 3, 4, 5, 9]),
    (79, [2, 4, 6, 7, 8]),
    (37, [1, 2, 3, 4, 5, 9])]
[4, 0, 3, 4, 2, 0, 6, 0, 5, 9, 0, 4, 3, 4, 5, 7, 0, 1, 2, 0, 1, 8, 7, 6, 4, 0, 0, 0, 0, 8, 1, 0, 2, 9, 0, 0, 7, 0, 4, 0, 0, 4, 1, 0, 8, 0, 0, 6, 7, 0, 8, 2, 0, 0, 0, 0, 2, 6, 0, 9, 5, 0, 4, 8, 0, 0, 2, 0, 3, 0, 0, 9, 0, 0, 5, 4, 1, 0, 3, 0, 0]
[   (65, [4, 7]),
    (69, [1, 7]),
    (72, [4, 6]),
    (77, [4, 7]),
    (5, [1, 4, 7]),
    (16, [2, 7, 8]),
    (19, [2, 5, 7]),
    (27, [3, 4, 5]),
    (28, [3, 4, 5]),
    (39, [4, 5, 9]),
    (53, [3, 4, 5]),
    (54, [1, 3, 4]),
    (58, [4, 7, 8]),
    (67, [4, 5, 7]),
    (1, [4, 5, 7, 8]),
    (7, [5, 7, 8, 9]),
    (26, [2, 3, 5, 7]),
    (31, [3, 4, 5, 6]),
    (45, [1, 3, 4, 5]),
    (49, [3, 4, 5, 9]),
    (52, [1, 3, 4, 5]),
    (55, [1, 3, 4, 7]),
    (61, [1, 4, 7, 8]),
    (64, [1, 4, 6, 7]),
    (70, [1, 4, 6, 7]),
    (73, [4, 6, 7, 9]),
    (80, [2, 4, 6, 7]),
    (10, [2, 4, 6, 7, 8]),
    (25, [2, 3, 5, 7, 9]),
    (34, [3, 4, 5, 6, 7]),
    (35, [3, 4, 5, 6, 7]),
    (40, [3, 4, 5, 6, 9]),
    (43, [1, 3, 4, 5, 6]),
    (46, [1, 3, 4, 5, 9]),
    (79, [2, 4, 6, 7, 8]),
    (37, [1, 2, 3, 4, 5, 9])]
[4, 0, 3, 4, 2, 0, 6, 0, 5, 9, 0, 4, 3, 4, 5, 7, 0, 1, 2, 0, 1, 8, 7, 6, 4, 0, 0, 0, 0, 8, 1, 0, 2, 9, 0, 0, 7, 0, 4, 0, 0, 4, 1, 0, 8, 0, 0, 6, 7, 0, 8, 2, 0, 0, 0, 0, 2, 6, 0, 9, 5, 0, 4, 8, 0, 4, 2, 0, 3, 0, 0, 9, 0, 0, 5, 4, 1, 0, 3, 0, 0]
[   (69, [1, 7]),
    (72, [4, 6]),
    (77, [4, 7]),
    (5, [1, 4, 7]),
    (16, [2, 7, 8]),
    (19, [2, 5, 7]),
    (27, [3, 4, 5]),
    (28, [3, 4, 5]),
    (39, [4, 5, 9]),
    (53, [3, 4, 5]),
    (54, [1, 3, 4]),
    (58, [4, 7, 8]),
    (67, [4, 5, 7]),
    (1, [4, 5, 7, 8]),
    (7, [5, 7, 8, 9]),
    (26, [2, 3, 5, 7]),
    (31, [3, 4, 5, 6]),
    (45, [1, 3, 4, 5]),
    (49, [3, 4, 5, 9]),
    (52, [1, 3, 4, 5]),
    (55, [1, 3, 4, 7]),
    (61, [1, 4, 7, 8]),
    (64, [1, 4, 6, 7]),
    (70, [1, 4, 6, 7]),
    (73, [4, 6, 7, 9]),
    (80, [2, 4, 6, 7]),
    (10, [2, 4, 6, 7, 8]),
    (25, [2, 3, 5, 7, 9]),
    (34, [3, 4, 5, 6, 7]),
    (35, [3, 4, 5, 6, 7]),
    (40, [3, 4, 5, 6, 9]),
    (43, [1, 3, 4, 5, 6]),
    (46, [1, 3, 4, 5, 9]),
    (79, [2, 4, 6, 7, 8]),
    (37, [1, 2, 3, 4, 5, 9])]
[4, 0, 3, 4, 2, 0, 6, 0, 5, 9, 0, 4, 3, 4, 5, 7, 0, 1, 2, 0, 1, 8, 7, 6, 4, 0, 0, 0, 0, 8, 1, 0, 2, 9, 0, 0, 7, 0, 4, 0, 0, 4, 1, 0, 8, 0, 0, 6, 7, 0, 8, 2, 0, 0, 0, 0, 2, 6, 0, 9, 5, 0, 4, 8, 0, 4, 2, 0, 3, 1, 0, 9, 0, 0, 5, 4, 1, 0, 3, 0, 0]
[   (72, [4, 6]),
    (77, [4, 7]),
    (5, [1, 4, 7]),
    (16, [2, 7, 8]),
    (19, [2, 5, 7]),
    (27, [3, 4, 5]),
    (28, [3, 4, 5]),
    (39, [4, 5, 9]),
    (53, [3, 4, 5]),
    (54, [1, 3, 4]),
    (58, [4, 7, 8]),
    (67, [4, 5, 7]),
    (1, [4, 5, 7, 8]),
    (7, [5, 7, 8, 9]),
    (26, [2, 3, 5, 7]),
    (31, [3, 4, 5, 6]),
    (45, [1, 3, 4, 5]),
    (49, [3, 4, 5, 9]),
    (52, [1, 3, 4, 5]),
    (55, [1, 3, 4, 7]),
    (61, [1, 4, 7, 8]),
    (64, [1, 4, 6, 7]),
    (70, [1, 4, 6, 7]),
    (73, [4, 6, 7, 9]),
    (80, [2, 4, 6, 7]),
    (10, [2, 4, 6, 7, 8]),
    (25, [2, 3, 5, 7, 9]),
    (34, [3, 4, 5, 6, 7]),
    (35, [3, 4, 5, 6, 7]),
    (40, [3, 4, 5, 6, 9]),
    (43, [1, 3, 4, 5, 6]),
    (46, [1, 3, 4, 5, 9]),
    (79, [2, 4, 6, 7, 8]),
    (37, [1, 2, 3, 4, 5, 9])]
[4, 0, 3, 4, 2, 0, 6, 0, 5, 9, 0, 4, 3, 4, 5, 7, 0, 1, 2, 0, 1, 8, 7, 6, 4, 0, 0, 0, 0, 8, 1, 0, 2, 9, 0, 0, 7, 0, 4, 0, 0, 4, 1, 0, 8, 0, 0, 6, 7, 0, 8, 2, 0, 0, 0, 0, 2, 6, 0, 9, 5, 0, 4, 8, 0, 4, 2, 0, 3, 1, 0, 9, 4, 0, 5, 4, 1, 0, 3, 0, 0]
[   (77, [4, 7]),
    (5, [1, 4, 7]),
    (16, [2, 7, 8]),
    (19, [2, 5, 7]),
    (27, [3, 4, 5]),
    (28, [3, 4, 5]),
    (39, [4, 5, 9]),
    (53, [3, 4, 5]),
    (54, [1, 3, 4]),
    (58, [4, 7, 8]),
    (67, [4, 5, 7]),
    (1, [4, 5, 7, 8]),
    (7, [5, 7, 8, 9]),
    (26, [2, 3, 5, 7]),
    (31, [3, 4, 5, 6]),
    (45, [1, 3, 4, 5]),
    (49, [3, 4, 5, 9]),
    (52, [1, 3, 4, 5]),
    (55, [1, 3, 4, 7]),
    (61, [1, 4, 7, 8]),
    (64, [1, 4, 6, 7]),
    (70, [1, 4, 6, 7]),
    (73, [4, 6, 7, 9]),
    (80, [2, 4, 6, 7]),
    (10, [2, 4, 6, 7, 8]),
    (25, [2, 3, 5, 7, 9]),
    (34, [3, 4, 5, 6, 7]),
    (35, [3, 4, 5, 6, 7]),
    (40, [3, 4, 5, 6, 9]),
    (43, [1, 3, 4, 5, 6]),
    (46, [1, 3, 4, 5, 9]),
    (79, [2, 4, 6, 7, 8]),
    (37, [1, 2, 3, 4, 5, 9])]
[4, 0, 3, 4, 2, 0, 6, 0, 5, 9, 0, 4, 3, 4, 5, 7, 0, 1, 2, 0, 1, 8, 7, 6, 4, 0, 0, 0, 0, 8, 1, 0, 2, 9, 0, 0, 7, 0, 4, 0, 0, 4, 1, 0, 8, 0, 0, 6, 7, 0, 8, 2, 0, 0, 0, 0, 2, 6, 0, 9, 5, 0, 4, 8, 0, 4, 2, 0, 3, 1, 0, 9, 4, 0, 5, 4, 1, 4, 3, 0, 0]
[   (5, [1, 4, 7]),
    (16, [2, 7, 8]),
    (19, [2, 5, 7]),
    (27, [3, 4, 5]),
    (28, [3, 4, 5]),
    (39, [4, 5, 9]),
    (53, [3, 4, 5]),
    (54, [1, 3, 4]),
    (58, [4, 7, 8]),
    (67, [4, 5, 7]),
    (1, [4, 5, 7, 8]),
    (7, [5, 7, 8, 9]),
    (26, [2, 3, 5, 7]),
    (31, [3, 4, 5, 6]),
    (45, [1, 3, 4, 5]),
    (49, [3, 4, 5, 9]),
    (52, [1, 3, 4, 5]),
    (55, [1, 3, 4, 7]),
    (61, [1, 4, 7, 8]),
    (64, [1, 4, 6, 7]),
    (70, [1, 4, 6, 7]),
    (73, [4, 6, 7, 9]),
    (80, [2, 4, 6, 7]),
    (10, [2, 4, 6, 7, 8]),
    (25, [2, 3, 5, 7, 9]),
    (34, [3, 4, 5, 6, 7]),
    (35, [3, 4, 5, 6, 7]),
    (40, [3, 4, 5, 6, 9]),
    (43, [1, 3, 4, 5, 6]),
    (46, [1, 3, 4, 5, 9]),
    (79, [2, 4, 6, 7, 8]),
    (37, [1, 2, 3, 4, 5, 9])]
[4, 0, 3, 4, 2, 1, 6, 0, 5, 9, 0, 4, 3, 4, 5, 7, 0, 1, 2, 0, 1, 8, 7, 6, 4, 0, 0, 0, 0, 8, 1, 0, 2, 9, 0, 0, 7, 0, 4, 0, 0, 4, 1, 0, 8, 0, 0, 6, 7, 0, 8, 2, 0, 0, 0, 0, 2, 6, 0, 9, 5, 0, 4, 8, 0, 4, 2, 0, 3, 1, 0, 9, 4, 0, 5, 4, 1, 4, 3, 0, 0]
[   (16, [2, 7, 8]),
    (19, [2, 5, 7]),
    (27, [3, 4, 5]),
    (28, [3, 4, 5]),
    (39, [4, 5, 9]),
    (53, [3, 4, 5]),
    (54, [1, 3, 4]),
    (58, [4, 7, 8]),
    (67, [4, 5, 7]),
    (1, [4, 5, 7, 8]),
    (7, [5, 7, 8, 9]),
    (26, [2, 3, 5, 7]),
    (31, [3, 4, 5, 6]),
    (45, [1, 3, 4, 5]),
    (49, [3, 4, 5, 9]),
    (52, [1, 3, 4, 5]),
    (55, [1, 3, 4, 7]),
    (61, [1, 4, 7, 8]),
    (64, [1, 4, 6, 7]),
    (70, [1, 4, 6, 7]),
    (73, [4, 6, 7, 9]),
    (80, [2, 4, 6, 7]),
    (10, [2, 4, 6, 7, 8]),
    (25, [2, 3, 5, 7, 9]),
    (34, [3, 4, 5, 6, 7]),
    (35, [3, 4, 5, 6, 7]),
    (40, [3, 4, 5, 6, 9]),
    (43, [1, 3, 4, 5, 6]),
    (46, [1, 3, 4, 5, 9]),
    (79, [2, 4, 6, 7, 8]),
    (37, [1, 2, 3, 4, 5, 9])]
[4, 0, 3, 4, 2, 1, 6, 0, 5, 9, 0, 4, 3, 4, 5, 7, 2, 1, 2, 0, 1, 8, 7, 6, 4, 0, 0, 0, 0, 8, 1, 0, 2, 9, 0, 0, 7, 0, 4, 0, 0, 4, 1, 0, 8, 0, 0, 6, 7, 0, 8, 2, 0, 0, 0, 0, 2, 6, 0, 9, 5, 0, 4, 8, 0, 4, 2, 0, 3, 1, 0, 9, 4, 0, 5, 4, 1, 4, 3, 0, 0]
[   (19, [2, 5, 7]),
    (27, [3, 4, 5]),
    (28, [3, 4, 5]),
    (39, [4, 5, 9]),
    (53, [3, 4, 5]),
    (54, [1, 3, 4]),
    (58, [4, 7, 8]),
    (67, [4, 5, 7]),
    (1, [4, 5, 7, 8]),
    (7, [5, 7, 8, 9]),
    (26, [2, 3, 5, 7]),
    (31, [3, 4, 5, 6]),
    (45, [1, 3, 4, 5]),
    (49, [3, 4, 5, 9]),
    (52, [1, 3, 4, 5]),
    (55, [1, 3, 4, 7]),
    (61, [1, 4, 7, 8]),
    (64, [1, 4, 6, 7]),
    (70, [1, 4, 6, 7]),
    (73, [4, 6, 7, 9]),
    (80, [2, 4, 6, 7]),
    (10, [2, 4, 6, 7, 8]),
    (25, [2, 3, 5, 7, 9]),
    (34, [3, 4, 5, 6, 7]),
    (35, [3, 4, 5, 6, 7]),
    (40, [3, 4, 5, 6, 9]),
    (43, [1, 3, 4, 5, 6]),
    (46, [1, 3, 4, 5, 9]),
    (79, [2, 4, 6, 7, 8]),
    (37, [1, 2, 3, 4, 5, 9])]
[4, 0, 3, 4, 2, 1, 6, 0, 5, 9, 0, 4, 3, 4, 5, 7, 2, 1, 2, 2, 1, 8, 7, 6, 4, 0, 0, 0, 0, 8, 1, 0, 2, 9, 0, 0, 7, 0, 4, 0, 0, 4, 1, 0, 8, 0, 0, 6, 7, 0, 8, 2, 0, 0, 0, 0, 2, 6, 0, 9, 5, 0, 4, 8, 0, 4, 2, 0, 3, 1, 0, 9, 4, 0, 5, 4, 1, 4, 3, 0, 0]
[   (27, [3, 4, 5]),
    (28, [3, 4, 5]),
    (39, [4, 5, 9]),
    (53, [3, 4, 5]),
    (54, [1, 3, 4]),
    (58, [4, 7, 8]),
    (67, [4, 5, 7]),
    (1, [4, 5, 7, 8]),
    (7, [5, 7, 8, 9]),
    (26, [2, 3, 5, 7]),
    (31, [3, 4, 5, 6]),
    (45, [1, 3, 4, 5]),
    (49, [3, 4, 5, 9]),
    (52, [1, 3, 4, 5]),
    (55, [1, 3, 4, 7]),
    (61, [1, 4, 7, 8]),
    (64, [1, 4, 6, 7]),
    (70, [1, 4, 6, 7]),
    (73, [4, 6, 7, 9]),
    (80, [2, 4, 6, 7]),
    (10, [2, 4, 6, 7, 8]),
    (25, [2, 3, 5, 7, 9]),
    (34, [3, 4, 5, 6, 7]),
    (35, [3, 4, 5, 6, 7]),
    (40, [3, 4, 5, 6, 9]),
    (43, [1, 3, 4, 5, 6]),
    (46, [1, 3, 4, 5, 9]),
    (79, [2, 4, 6, 7, 8]),
    (37, [1, 2, 3, 4, 5, 9])]
[4, 0, 3, 4, 2, 1, 6, 0, 5, 9, 0, 4, 3, 4, 5, 7, 2, 1, 2, 2, 1, 8, 7, 6, 4, 0, 0, 3, 0, 8, 1, 0, 2, 9, 0, 0, 7, 0, 4, 0, 0, 4, 1, 0, 8, 0, 0, 6, 7, 0, 8, 2, 0, 0, 0, 0, 2, 6, 0, 9, 5, 0, 4, 8, 0, 4, 2, 0, 3, 1, 0, 9, 4, 0, 5, 4, 1, 4, 3, 0, 0]
[   (28, [3, 4, 5]),
    (39, [4, 5, 9]),
    (53, [3, 4, 5]),
    (54, [1, 3, 4]),
    (58, [4, 7, 8]),
    (67, [4, 5, 7]),
    (1, [4, 5, 7, 8]),
    (7, [5, 7, 8, 9]),
    (26, [2, 3, 5, 7]),
    (31, [3, 4, 5, 6]),
    (45, [1, 3, 4, 5]),
    (49, [3, 4, 5, 9]),
    (52, [1, 3, 4, 5]),
    (55, [1, 3, 4, 7]),
    (61, [1, 4, 7, 8]),
    (64, [1, 4, 6, 7]),
    (70, [1, 4, 6, 7]),
    (73, [4, 6, 7, 9]),
    (80, [2, 4, 6, 7]),
    (10, [2, 4, 6, 7, 8]),
    (25, [2, 3, 5, 7, 9]),
    (34, [3, 4, 5, 6, 7]),
    (35, [3, 4, 5, 6, 7]),
    (40, [3, 4, 5, 6, 9]),
    (43, [1, 3, 4, 5, 6]),
    (46, [1, 3, 4, 5, 9]),
    (79, [2, 4, 6, 7, 8]),
    (37, [1, 2, 3, 4, 5, 9])]
[4, 0, 3, 4, 2, 1, 6, 0, 5, 9, 0, 4, 3, 4, 5, 7, 2, 1, 2, 2, 1, 8, 7, 6, 4, 0, 0, 3, 3, 8, 1, 0, 2, 9, 0, 0, 7, 0, 4, 0, 0, 4, 1, 0, 8, 0, 0, 6, 7, 0, 8, 2, 0, 0, 0, 0, 2, 6, 0, 9, 5, 0, 4, 8, 0, 4, 2, 0, 3, 1, 0, 9, 4, 0, 5, 4, 1, 4, 3, 0, 0]
[   (39, [4, 5, 9]),
    (53, [3, 4, 5]),
    (54, [1, 3, 4]),
    (58, [4, 7, 8]),
    (67, [4, 5, 7]),
    (1, [4, 5, 7, 8]),
    (7, [5, 7, 8, 9]),
    (26, [2, 3, 5, 7]),
    (31, [3, 4, 5, 6]),
    (45, [1, 3, 4, 5]),
    (49, [3, 4, 5, 9]),
    (52, [1, 3, 4, 5]),
    (55, [1, 3, 4, 7]),
    (61, [1, 4, 7, 8]),
    (64, [1, 4, 6, 7]),
    (70, [1, 4, 6, 7]),
    (73, [4, 6, 7, 9]),
    (80, [2, 4, 6, 7]),
    (10, [2, 4, 6, 7, 8]),
    (25, [2, 3, 5, 7, 9]),
    (34, [3, 4, 5, 6, 7]),
    (35, [3, 4, 5, 6, 7]),
    (40, [3, 4, 5, 6, 9]),
    (43, [1, 3, 4, 5, 6]),
    (46, [1, 3, 4, 5, 9]),
    (79, [2, 4, 6, 7, 8]),
    (37, [1, 2, 3, 4, 5, 9])]
[4, 0, 3, 4, 2, 1, 6, 0, 5, 9, 0, 4, 3, 4, 5, 7, 2, 1, 2, 2, 1, 8, 7, 6, 4, 0, 0, 3, 3, 8, 1, 0, 2, 9, 0, 0, 7, 0, 4, 4, 0, 4, 1, 0, 8, 0, 0, 6, 7, 0, 8, 2, 0, 0, 0, 0, 2, 6, 0, 9, 5, 0, 4, 8, 0, 4, 2, 0, 3, 1, 0, 9, 4, 0, 5, 4, 1, 4, 3, 0, 0]
[   (53, [3, 4, 5]),
    (54, [1, 3, 4]),
    (58, [4, 7, 8]),
    (67, [4, 5, 7]),
    (1, [4, 5, 7, 8]),
    (7, [5, 7, 8, 9]),
    (26, [2, 3, 5, 7]),
    (31, [3, 4, 5, 6]),
    (45, [1, 3, 4, 5]),
    (49, [3, 4, 5, 9]),
    (52, [1, 3, 4, 5]),
    (55, [1, 3, 4, 7]),
    (61, [1, 4, 7, 8]),
    (64, [1, 4, 6, 7]),
    (70, [1, 4, 6, 7]),
    (73, [4, 6, 7, 9]),
    (80, [2, 4, 6, 7]),
    (10, [2, 4, 6, 7, 8]),
    (25, [2, 3, 5, 7, 9]),
    (34, [3, 4, 5, 6, 7]),
    (35, [3, 4, 5, 6, 7]),
    (40, [3, 4, 5, 6, 9]),
    (43, [1, 3, 4, 5, 6]),
    (46, [1, 3, 4, 5, 9]),
    (79, [2, 4, 6, 7, 8]),
    (37, [1, 2, 3, 4, 5, 9])]
[4, 0, 3, 4, 2, 1, 6, 0, 5, 9, 0, 4, 3, 4, 5, 7, 2, 1, 2, 2, 1, 8, 7, 6, 4, 0, 0, 3, 3, 8, 1, 0, 2, 9, 0, 0, 7, 0, 4, 4, 0, 4, 1, 0, 8, 0, 0, 6, 7, 0, 8, 2, 0, 3, 0, 0, 2, 6, 0, 9, 5, 0, 4, 8, 0, 4, 2, 0, 3, 1, 0, 9, 4, 0, 5, 4, 1, 4, 3, 0, 0]
[   (54, [1, 3, 4]),
    (58, [4, 7, 8]),
    (67, [4, 5, 7]),
    (1, [4, 5, 7, 8]),
    (7, [5, 7, 8, 9]),
    (26, [2, 3, 5, 7]),
    (31, [3, 4, 5, 6]),
    (45, [1, 3, 4, 5]),
    (49, [3, 4, 5, 9]),
    (52, [1, 3, 4, 5]),
    (55, [1, 3, 4, 7]),
    (61, [1, 4, 7, 8]),
    (64, [1, 4, 6, 7]),
    (70, [1, 4, 6, 7]),
    (73, [4, 6, 7, 9]),
    (80, [2, 4, 6, 7]),
    (10, [2, 4, 6, 7, 8]),
    (25, [2, 3, 5, 7, 9]),
    (34, [3, 4, 5, 6, 7]),
    (35, [3, 4, 5, 6, 7]),
    (40, [3, 4, 5, 6, 9]),
    (43, [1, 3, 4, 5, 6]),
    (46, [1, 3, 4, 5, 9]),
    (79, [2, 4, 6, 7, 8]),
    (37, [1, 2, 3, 4, 5, 9])]
[4, 0, 3, 4, 2, 1, 6, 0, 5, 9, 0, 4, 3, 4, 5, 7, 2, 1, 2, 2, 1, 8, 7, 6, 4, 0, 0, 3, 3, 8, 1, 0, 2, 9, 0, 0, 7, 0, 4, 4, 0, 4, 1, 0, 8, 0, 0, 6, 7, 0, 8, 2, 0, 3, 1, 0, 2, 6, 0, 9, 5, 0, 4, 8, 0, 4, 2, 0, 3, 1, 0, 9, 4, 0, 5, 4, 1, 4, 3, 0, 0]
[   (58, [4, 7, 8]),
    (67, [4, 5, 7]),
    (1, [4, 5, 7, 8]),
    (7, [5, 7, 8, 9]),
    (26, [2, 3, 5, 7]),
    (31, [3, 4, 5, 6]),
    (45, [1, 3, 4, 5]),
    (49, [3, 4, 5, 9]),
    (52, [1, 3, 4, 5]),
    (55, [1, 3, 4, 7]),
    (61, [1, 4, 7, 8]),
    (64, [1, 4, 6, 7]),
    (70, [1, 4, 6, 7]),
    (73, [4, 6, 7, 9]),
    (80, [2, 4, 6, 7]),
    (10, [2, 4, 6, 7, 8]),
    (25, [2, 3, 5, 7, 9]),
    (34, [3, 4, 5, 6, 7]),
    (35, [3, 4, 5, 6, 7]),
    (40, [3, 4, 5, 6, 9]),
    (43, [1, 3, 4, 5, 6]),
    (46, [1, 3, 4, 5, 9]),
    (79, [2, 4, 6, 7, 8]),
    (37, [1, 2, 3, 4, 5, 9])]
[4, 0, 3, 4, 2, 1, 6, 0, 5, 9, 0, 4, 3, 4, 5, 7, 2, 1, 2, 2, 1, 8, 7, 6, 4, 0, 0, 3, 3, 8, 1, 0, 2, 9, 0, 0, 7, 0, 4, 4, 0, 4, 1, 0, 8, 0, 0, 6, 7, 0, 8, 2, 0, 3, 1, 0, 2, 6, 4, 9, 5, 0, 4, 8, 0, 4, 2, 0, 3, 1, 0, 9, 4, 0, 5, 4, 1, 4, 3, 0, 0]
[   (67, [4, 5, 7]),
    (1, [4, 5, 7, 8]),
    (7, [5, 7, 8, 9]),
    (26, [2, 3, 5, 7]),
    (31, [3, 4, 5, 6]),
    (45, [1, 3, 4, 5]),
    (49, [3, 4, 5, 9]),
    (52, [1, 3, 4, 5]),
    (55, [1, 3, 4, 7]),
    (61, [1, 4, 7, 8]),
    (64, [1, 4, 6, 7]),
    (70, [1, 4, 6, 7]),
    (73, [4, 6, 7, 9]),
    (80, [2, 4, 6, 7]),
    (10, [2, 4, 6, 7, 8]),
    (25, [2, 3, 5, 7, 9]),
    (34, [3, 4, 5, 6, 7]),
    (35, [3, 4, 5, 6, 7]),
    (40, [3, 4, 5, 6, 9]),
    (43, [1, 3, 4, 5, 6]),
    (46, [1, 3, 4, 5, 9]),
    (79, [2, 4, 6, 7, 8]),
    (37, [1, 2, 3, 4, 5, 9])]
[4, 0, 3, 4, 2, 1, 6, 0, 5, 9, 0, 4, 3, 4, 5, 7, 2, 1, 2, 2, 1, 8, 7, 6, 4, 0, 0, 3, 3, 8, 1, 0, 2, 9, 0, 0, 7, 0, 4, 4, 0, 4, 1, 0, 8, 0, 0, 6, 7, 0, 8, 2, 0, 3, 1, 0, 2, 6, 4, 9, 5, 0, 4, 8, 0, 4, 2, 4, 3, 1, 0, 9, 4, 0, 5, 4, 1, 4, 3, 0, 0]
[   (1, [4, 5, 7, 8]),
    (7, [5, 7, 8, 9]),
    (26, [2, 3, 5, 7]),
    (31, [3, 4, 5, 6]),
    (45, [1, 3, 4, 5]),
    (49, [3, 4, 5, 9]),
    (52, [1, 3, 4, 5]),
    (55, [1, 3, 4, 7]),
    (61, [1, 4, 7, 8]),
    (64, [1, 4, 6, 7]),
    (70, [1, 4, 6, 7]),
    (73, [4, 6, 7, 9]),
    (80, [2, 4, 6, 7]),
    (10, [2, 4, 6, 7, 8]),
    (25, [2, 3, 5, 7, 9]),
    (34, [3, 4, 5, 6, 7]),
    (35, [3, 4, 5, 6, 7]),
    (40, [3, 4, 5, 6, 9]),
    (43, [1, 3, 4, 5, 6]),
    (46, [1, 3, 4, 5, 9]),
    (79, [2, 4, 6, 7, 8]),
    (37, [1, 2, 3, 4, 5, 9])]
[4, 4, 3, 4, 2, 1, 6, 0, 5, 9, 0, 4, 3, 4, 5, 7, 2, 1, 2, 2, 1, 8, 7, 6, 4, 0, 0, 3, 3, 8, 1, 0, 2, 9, 0, 0, 7, 0, 4, 4, 0, 4, 1, 0, 8, 0, 0, 6, 7, 0, 8, 2, 0, 3, 1, 0, 2, 6, 4, 9, 5, 0, 4, 8, 0, 4, 2, 4, 3, 1, 0, 9, 4, 0, 5, 4, 1, 4, 3, 0, 0]
[   (7, [5, 7, 8, 9]),
    (26, [2, 3, 5, 7]),
    (31, [3, 4, 5, 6]),
    (45, [1, 3, 4, 5]),
    (49, [3, 4, 5, 9]),
    (52, [1, 3, 4, 5]),
    (55, [1, 3, 4, 7]),
    (61, [1, 4, 7, 8]),
    (64, [1, 4, 6, 7]),
    (70, [1, 4, 6, 7]),
    (73, [4, 6, 7, 9]),
    (80, [2, 4, 6, 7]),
    (10, [2, 4, 6, 7, 8]),
    (25, [2, 3, 5, 7, 9]),
    (34, [3, 4, 5, 6, 7]),
    (35, [3, 4, 5, 6, 7]),
    (40, [3, 4, 5, 6, 9]),
    (43, [1, 3, 4, 5, 6]),
    (46, [1, 3, 4, 5, 9]),
    (79, [2, 4, 6, 7, 8]),
    (37, [1, 2, 3, 4, 5, 9])]
[4, 4, 3, 4, 2, 1, 6, 5, 5, 9, 0, 4, 3, 4, 5, 7, 2, 1, 2, 2, 1, 8, 7, 6, 4, 0, 0, 3, 3, 8, 1, 0, 2, 9, 0, 0, 7, 0, 4, 4, 0, 4, 1, 0, 8, 0, 0, 6, 7, 0, 8, 2, 0, 3, 1, 0, 2, 6, 4, 9, 5, 0, 4, 8, 0, 4, 2, 4, 3, 1, 0, 9, 4, 0, 5, 4, 1, 4, 3, 0, 0]
[   (26, [2, 3, 5, 7]),
    (31, [3, 4, 5, 6]),
    (45, [1, 3, 4, 5]),
    (49, [3, 4, 5, 9]),
    (52, [1, 3, 4, 5]),
    (55, [1, 3, 4, 7]),
    (61, [1, 4, 7, 8]),
    (64, [1, 4, 6, 7]),
    (70, [1, 4, 6, 7]),
    (73, [4, 6, 7, 9]),
    (80, [2, 4, 6, 7]),
    (10, [2, 4, 6, 7, 8]),
    (25, [2, 3, 5, 7, 9]),
    (34, [3, 4, 5, 6, 7]),
    (35, [3, 4, 5, 6, 7]),
    (40, [3, 4, 5, 6, 9]),
    (43, [1, 3, 4, 5, 6]),
    (46, [1, 3, 4, 5, 9]),
    (79, [2, 4, 6, 7, 8]),
    (37, [1, 2, 3, 4, 5, 9])]
[4, 4, 3, 4, 2, 1, 6, 5, 5, 9, 0, 4, 3, 4, 5, 7, 2, 1, 2, 2, 1, 8, 7, 6, 4, 0, 2, 3, 3, 8, 1, 0, 2, 9, 0, 0, 7, 0, 4, 4, 0, 4, 1, 0, 8, 0, 0, 6, 7, 0, 8, 2, 0, 3, 1, 0, 2, 6, 4, 9, 5, 0, 4, 8, 0, 4, 2, 4, 3, 1, 0, 9, 4, 0, 5, 4, 1, 4, 3, 0, 0]
[   (31, [3, 4, 5, 6]),
    (45, [1, 3, 4, 5]),
    (49, [3, 4, 5, 9]),
    (52, [1, 3, 4, 5]),
    (55, [1, 3, 4, 7]),
    (61, [1, 4, 7, 8]),
    (64, [1, 4, 6, 7]),
    (70, [1, 4, 6, 7]),
    (73, [4, 6, 7, 9]),
    (80, [2, 4, 6, 7]),
    (10, [2, 4, 6, 7, 8]),
    (25, [2, 3, 5, 7, 9]),
    (34, [3, 4, 5, 6, 7]),
    (35, [3, 4, 5, 6, 7]),
    (40, [3, 4, 5, 6, 9]),
    (43, [1, 3, 4, 5, 6]),
    (46, [1, 3, 4, 5, 9]),
    (79, [2, 4, 6, 7, 8]),
    (37, [1, 2, 3, 4, 5, 9])]
[4, 4, 3, 4, 2, 1, 6, 5, 5, 9, 0, 4, 3, 4, 5, 7, 2, 1, 2, 2, 1, 8, 7, 6, 4, 0, 2, 3, 3, 8, 1, 3, 2, 9, 0, 0, 7, 0, 4, 4, 0, 4, 1, 0, 8, 0, 0, 6, 7, 0, 8, 2, 0, 3, 1, 0, 2, 6, 4, 9, 5, 0, 4, 8, 0, 4, 2, 4, 3, 1, 0, 9, 4, 0, 5, 4, 1, 4, 3, 0, 0]
[   (45, [1, 3, 4, 5]),
    (49, [3, 4, 5, 9]),
    (52, [1, 3, 4, 5]),
    (55, [1, 3, 4, 7]),
    (61, [1, 4, 7, 8]),
    (64, [1, 4, 6, 7]),
    (70, [1, 4, 6, 7]),
    (73, [4, 6, 7, 9]),
    (80, [2, 4, 6, 7]),
    (10, [2, 4, 6, 7, 8]),
    (25, [2, 3, 5, 7, 9]),
    (34, [3, 4, 5, 6, 7]),
    (35, [3, 4, 5, 6, 7]),
    (40, [3, 4, 5, 6, 9]),
    (43, [1, 3, 4, 5, 6]),
    (46, [1, 3, 4, 5, 9]),
    (79, [2, 4, 6, 7, 8]),
    (37, [1, 2, 3, 4, 5, 9])]
[4, 4, 3, 4, 2, 1, 6, 5, 5, 9, 0, 4, 3, 4, 5, 7, 2, 1, 2, 2, 1, 8, 7, 6, 4, 0, 2, 3, 3, 8, 1, 3, 2, 9, 0, 0, 7, 0, 4, 4, 0, 4, 1, 0, 8, 1, 0, 6, 7, 0, 8, 2, 0, 3, 1, 0, 2, 6, 4, 9, 5, 0, 4, 8, 0, 4, 2, 4, 3, 1, 0, 9, 4, 0, 5, 4, 1, 4, 3, 0, 0]
[   (49, [3, 4, 5, 9]),
    (52, [1, 3, 4, 5]),
    (55, [1, 3, 4, 7]),
    (61, [1, 4, 7, 8]),
    (64, [1, 4, 6, 7]),
    (70, [1, 4, 6, 7]),
    (73, [4, 6, 7, 9]),
    (80, [2, 4, 6, 7]),
    (10, [2, 4, 6, 7, 8]),
    (25, [2, 3, 5, 7, 9]),
    (34, [3, 4, 5, 6, 7]),
    (35, [3, 4, 5, 6, 7]),
    (40, [3, 4, 5, 6, 9]),
    (43, [1, 3, 4, 5, 6]),
    (46, [1, 3, 4, 5, 9]),
    (79, [2, 4, 6, 7, 8]),
    (37, [1, 2, 3, 4, 5, 9])]
[4, 4, 3, 4, 2, 1, 6, 5, 5, 9, 0, 4, 3, 4, 5, 7, 2, 1, 2, 2, 1, 8, 7, 6, 4, 0, 2, 3, 3, 8, 1, 3, 2, 9, 0, 0, 7, 0, 4, 4, 0, 4, 1, 0, 8, 1, 0, 6, 7, 3, 8, 2, 0, 3, 1, 0, 2, 6, 4, 9, 5, 0, 4, 8, 0, 4, 2, 4, 3, 1, 0, 9, 4, 0, 5, 4, 1, 4, 3, 0, 0]
[   (52, [1, 3, 4, 5]),
    (55, [1, 3, 4, 7]),
    (61, [1, 4, 7, 8]),
    (64, [1, 4, 6, 7]),
    (70, [1, 4, 6, 7]),
    (73, [4, 6, 7, 9]),
    (80, [2, 4, 6, 7]),
    (10, [2, 4, 6, 7, 8]),
    (25, [2, 3, 5, 7, 9]),
    (34, [3, 4, 5, 6, 7]),
    (35, [3, 4, 5, 6, 7]),
    (40, [3, 4, 5, 6, 9]),
    (43, [1, 3, 4, 5, 6]),
    (46, [1, 3, 4, 5, 9]),
    (79, [2, 4, 6, 7, 8]),
    (37, [1, 2, 3, 4, 5, 9])]
[4, 4, 3, 4, 2, 1, 6, 5, 5, 9, 0, 4, 3, 4, 5, 7, 2, 1, 2, 2, 1, 8, 7, 6, 4, 0, 2, 3, 3, 8, 1, 3, 2, 9, 0, 0, 7, 0, 4, 4, 0, 4, 1, 0, 8, 1, 0, 6, 7, 3, 8, 2, 1, 3, 1, 0, 2, 6, 4, 9, 5, 0, 4, 8, 0, 4, 2, 4, 3, 1, 0, 9, 4, 0, 5, 4, 1, 4, 3, 0, 0]
[   (55, [1, 3, 4, 7]),
    (61, [1, 4, 7, 8]),
    (64, [1, 4, 6, 7]),
    (70, [1, 4, 6, 7]),
    (73, [4, 6, 7, 9]),
    (80, [2, 4, 6, 7]),
    (10, [2, 4, 6, 7, 8]),
    (25, [2, 3, 5, 7, 9]),
    (34, [3, 4, 5, 6, 7]),
    (35, [3, 4, 5, 6, 7]),
    (40, [3, 4, 5, 6, 9]),
    (43, [1, 3, 4, 5, 6]),
    (46, [1, 3, 4, 5, 9]),
    (79, [2, 4, 6, 7, 8]),
    (37, [1, 2, 3, 4, 5, 9])]
[4, 4, 3, 4, 2, 1, 6, 5, 5, 9, 0, 4, 3, 4, 5, 7, 2, 1, 2, 2, 1, 8, 7, 6, 4, 0, 2, 3, 3, 8, 1, 3, 2, 9, 0, 0, 7, 0, 4, 4, 0, 4, 1, 0, 8, 1, 0, 6, 7, 3, 8, 2, 1, 3, 1, 1, 2, 6, 4, 9, 5, 0, 4, 8, 0, 4, 2, 4, 3, 1, 0, 9, 4, 0, 5, 4, 1, 4, 3, 0, 0]
[   (61, [1, 4, 7, 8]),
    (64, [1, 4, 6, 7]),
    (70, [1, 4, 6, 7]),
    (73, [4, 6, 7, 9]),
    (80, [2, 4, 6, 7]),
    (10, [2, 4, 6, 7, 8]),
    (25, [2, 3, 5, 7, 9]),
    (34, [3, 4, 5, 6, 7]),
    (35, [3, 4, 5, 6, 7]),
    (40, [3, 4, 5, 6, 9]),
    (43, [1, 3, 4, 5, 6]),
    (46, [1, 3, 4, 5, 9]),
    (79, [2, 4, 6, 7, 8]),
    (37, [1, 2, 3, 4, 5, 9])]
[4, 4, 3, 4, 2, 1, 6, 5, 5, 9, 0, 4, 3, 4, 5, 7, 2, 1, 2, 2, 1, 8, 7, 6, 4, 0, 2, 3, 3, 8, 1, 3, 2, 9, 0, 0, 7, 0, 4, 4, 0, 4, 1, 0, 8, 1, 0, 6, 7, 3, 8, 2, 1, 3, 1, 1, 2, 6, 4, 9, 5, 1, 4, 8, 0, 4, 2, 4, 3, 1, 0, 9, 4, 0, 5, 4, 1, 4, 3, 0, 0]
[   (64, [1, 4, 6, 7]),
    (70, [1, 4, 6, 7]),
    (73, [4, 6, 7, 9]),
    (80, [2, 4, 6, 7]),
    (10, [2, 4, 6, 7, 8]),
    (25, [2, 3, 5, 7, 9]),
    (34, [3, 4, 5, 6, 7]),
    (35, [3, 4, 5, 6, 7]),
    (40, [3, 4, 5, 6, 9]),
    (43, [1, 3, 4, 5, 6]),
    (46, [1, 3, 4, 5, 9]),
    (79, [2, 4, 6, 7, 8]),
    (37, [1, 2, 3, 4, 5, 9])]
[4, 4, 3, 4, 2, 1, 6, 5, 5, 9, 0, 4, 3, 4, 5, 7, 2, 1, 2, 2, 1, 8, 7, 6, 4, 0, 2, 3, 3, 8, 1, 3, 2, 9, 0, 0, 7, 0, 4, 4, 0, 4, 1, 0, 8, 1, 0, 6, 7, 3, 8, 2, 1, 3, 1, 1, 2, 6, 4, 9, 5, 1, 4, 8, 1, 4, 2, 4, 3, 1, 0, 9, 4, 0, 5, 4, 1, 4, 3, 0, 0]
[   (70, [1, 4, 6, 7]),
    (73, [4, 6, 7, 9]),
    (80, [2, 4, 6, 7]),
    (10, [2, 4, 6, 7, 8]),
    (25, [2, 3, 5, 7, 9]),
    (34, [3, 4, 5, 6, 7]),
    (35, [3, 4, 5, 6, 7]),
    (40, [3, 4, 5, 6, 9]),
    (43, [1, 3, 4, 5, 6]),
    (46, [1, 3, 4, 5, 9]),
    (79, [2, 4, 6, 7, 8]),
    (37, [1, 2, 3, 4, 5, 9])]
[4, 4, 3, 4, 2, 1, 6, 5, 5, 9, 0, 4, 3, 4, 5, 7, 2, 1, 2, 2, 1, 8, 7, 6, 4, 0, 2, 3, 3, 8, 1, 3, 2, 9, 0, 0, 7, 0, 4, 4, 0, 4, 1, 0, 8, 1, 0, 6, 7, 3, 8, 2, 1, 3, 1, 1, 2, 6, 4, 9, 5, 1, 4, 8, 1, 4, 2, 4, 3, 1, 1, 9, 4, 0, 5, 4, 1, 4, 3, 0, 0]
[   (73, [4, 6, 7, 9]),
    (80, [2, 4, 6, 7]),
    (10, [2, 4, 6, 7, 8]),
    (25, [2, 3, 5, 7, 9]),
    (34, [3, 4, 5, 6, 7]),
    (35, [3, 4, 5, 6, 7]),
    (40, [3, 4, 5, 6, 9]),
    (43, [1, 3, 4, 5, 6]),
    (46, [1, 3, 4, 5, 9]),
    (79, [2, 4, 6, 7, 8]),
    (37, [1, 2, 3, 4, 5, 9])]
[4, 4, 3, 4, 2, 1, 6, 5, 5, 9, 0, 4, 3, 4, 5, 7, 2, 1, 2, 2, 1, 8, 7, 6, 4, 0, 2, 3, 3, 8, 1, 3, 2, 9, 0, 0, 7, 0, 4, 4, 0, 4, 1, 0, 8, 1, 0, 6, 7, 3, 8, 2, 1, 3, 1, 1, 2, 6, 4, 9, 5, 1, 4, 8, 1, 4, 2, 4, 3, 1, 1, 9, 4, 4, 5, 4, 1, 4, 3, 0, 0]
[   (80, [2, 4, 6, 7]),
    (10, [2, 4, 6, 7, 8]),
    (25, [2, 3, 5, 7, 9]),
    (34, [3, 4, 5, 6, 7]),
    (35, [3, 4, 5, 6, 7]),
    (40, [3, 4, 5, 6, 9]),
    (43, [1, 3, 4, 5, 6]),
    (46, [1, 3, 4, 5, 9]),
    (79, [2, 4, 6, 7, 8]),
    (37, [1, 2, 3, 4, 5, 9])]
[4, 4, 3, 4, 2, 1, 6, 5, 5, 9, 0, 4, 3, 4, 5, 7, 2, 1, 2, 2, 1, 8, 7, 6, 4, 0, 2, 3, 3, 8, 1, 3, 2, 9, 0, 0, 7, 0, 4, 4, 0, 4, 1, 0, 8, 1, 0, 6, 7, 3, 8, 2, 1, 3, 1, 1, 2, 6, 4, 9, 5, 1, 4, 8, 1, 4, 2, 4, 3, 1, 1, 9, 4, 4, 5, 4, 1, 4, 3, 0, 2]
[   (10, [2, 4, 6, 7, 8]),
    (25, [2, 3, 5, 7, 9]),
    (34, [3, 4, 5, 6, 7]),
    (35, [3, 4, 5, 6, 7]),
    (40, [3, 4, 5, 6, 9]),
    (43, [1, 3, 4, 5, 6]),
    (46, [1, 3, 4, 5, 9]),
    (79, [2, 4, 6, 7, 8]),
    (37, [1, 2, 3, 4, 5, 9])]
[4, 4, 3, 4, 2, 1, 6, 5, 5, 9, 2, 4, 3, 4, 5, 7, 2, 1, 2, 2, 1, 8, 7, 6, 4, 0, 2, 3, 3, 8, 1, 3, 2, 9, 0, 0, 7, 0, 4, 4, 0, 4, 1, 0, 8, 1, 0, 6, 7, 3, 8, 2, 1, 3, 1, 1, 2, 6, 4, 9, 5, 1, 4, 8, 1, 4, 2, 4, 3, 1, 1, 9, 4, 4, 5, 4, 1, 4, 3, 0, 2]
[   (25, [2, 3, 5, 7, 9]),
    (34, [3, 4, 5, 6, 7]),
    (35, [3, 4, 5, 6, 7]),
    (40, [3, 4, 5, 6, 9]),
    (43, [1, 3, 4, 5, 6]),
    (46, [1, 3, 4, 5, 9]),
    (79, [2, 4, 6, 7, 8]),
    (37, [1, 2, 3, 4, 5, 9])]
[4, 4, 3, 4, 2, 1, 6, 5, 5, 9, 2, 4, 3, 4, 5, 7, 2, 1, 2, 2, 1, 8, 7, 6, 4, 2, 2, 3, 3, 8, 1, 3, 2, 9, 0, 0, 7, 0, 4, 4, 0, 4, 1, 0, 8, 1, 0, 6, 7, 3, 8, 2, 1, 3, 1, 1, 2, 6, 4, 9, 5, 1, 4, 8, 1, 4, 2, 4, 3, 1, 1, 9, 4, 4, 5, 4, 1, 4, 3, 0, 2]
[   (34, [3, 4, 5, 6, 7]),
    (35, [3, 4, 5, 6, 7]),
    (40, [3, 4, 5, 6, 9]),
    (43, [1, 3, 4, 5, 6]),
    (46, [1, 3, 4, 5, 9]),
    (79, [2, 4, 6, 7, 8]),
    (37, [1, 2, 3, 4, 5, 9])]
[4, 4, 3, 4, 2, 1, 6, 5, 5, 9, 2, 4, 3, 4, 5, 7, 2, 1, 2, 2, 1, 8, 7, 6, 4, 2, 2, 3, 3, 8, 1, 3, 2, 9, 3, 0, 7, 0, 4, 4, 0, 4, 1, 0, 8, 1, 0, 6, 7, 3, 8, 2, 1, 3, 1, 1, 2, 6, 4, 9, 5, 1, 4, 8, 1, 4, 2, 4, 3, 1, 1, 9, 4, 4, 5, 4, 1, 4, 3, 0, 2]
[   (35, [3, 4, 5, 6, 7]),
    (40, [3, 4, 5, 6, 9]),
    (43, [1, 3, 4, 5, 6]),
    (46, [1, 3, 4, 5, 9]),
    (79, [2, 4, 6, 7, 8]),
    (37, [1, 2, 3, 4, 5, 9])]
[4, 4, 3, 4, 2, 1, 6, 5, 5, 9, 2, 4, 3, 4, 5, 7, 2, 1, 2, 2, 1, 8, 7, 6, 4, 2, 2, 3, 3, 8, 1, 3, 2, 9, 3, 3, 7, 0, 4, 4, 0, 4, 1, 0, 8, 1, 0, 6, 7, 3, 8, 2, 1, 3, 1, 1, 2, 6, 4, 9, 5, 1, 4, 8, 1, 4, 2, 4, 3, 1, 1, 9, 4, 4, 5, 4, 1, 4, 3, 0, 2]
[   (40, [3, 4, 5, 6, 9]),
    (43, [1, 3, 4, 5, 6]),
    (46, [1, 3, 4, 5, 9]),
    (79, [2, 4, 6, 7, 8]),
    (37, [1, 2, 3, 4, 5, 9])]
[4, 4, 3, 4, 2, 1, 6, 5, 5, 9, 2, 4, 3, 4, 5, 7, 2, 1, 2, 2, 1, 8, 7, 6, 4, 2, 2, 3, 3, 8, 1, 3, 2, 9, 3, 3, 7, 0, 4, 4, 3, 4, 1, 0, 8, 1, 0, 6, 7, 3, 8, 2, 1, 3, 1, 1, 2, 6, 4, 9, 5, 1, 4, 8, 1, 4, 2, 4, 3, 1, 1, 9, 4, 4, 5, 4, 1, 4, 3, 0, 2]
[   (43, [1, 3, 4, 5, 6]),
    (46, [1, 3, 4, 5, 9]),
    (79, [2, 4, 6, 7, 8]),
    (37, [1, 2, 3, 4, 5, 9])]
[4, 4, 3, 4, 2, 1, 6, 5, 5, 9, 2, 4, 3, 4, 5, 7, 2, 1, 2, 2, 1, 8, 7, 6, 4, 2, 2, 3, 3, 8, 1, 3, 2, 9, 3, 3, 7, 0, 4, 4, 3, 4, 1, 1, 8, 1, 0, 6, 7, 3, 8, 2, 1, 3, 1, 1, 2, 6, 4, 9, 5, 1, 4, 8, 1, 4, 2, 4, 3, 1, 1, 9, 4, 4, 5, 4, 1, 4, 3, 0, 2]
[(46, [1, 3, 4, 5, 9]), (79, [2, 4, 6, 7, 8]), (37, [1, 2, 3, 4, 5, 9])]
[4, 4, 3, 4, 2, 1, 6, 5, 5, 9, 2, 4, 3, 4, 5, 7, 2, 1, 2, 2, 1, 8, 7, 6, 4, 2, 2, 3, 3, 8, 1, 3, 2, 9, 3, 3, 7, 0, 4, 4, 3, 4, 1, 1, 8, 1, 1, 6, 7, 3, 8, 2, 1, 3, 1, 1, 2, 6, 4, 9, 5, 1, 4, 8, 1, 4, 2, 4, 3, 1, 1, 9, 4, 4, 5, 4, 1, 4, 3, 0, 2]
[(79, [2, 4, 6, 7, 8]), (37, [1, 2, 3, 4, 5, 9])]
[4, 4, 3, 4, 2, 1, 6, 5, 5, 9, 2, 4, 3, 4, 5, 7, 2, 1, 2, 2, 1, 8, 7, 6, 4, 2, 2, 3, 3, 8, 1, 3, 2, 9, 3, 3, 7, 0, 4, 4, 3, 4, 1, 1, 8, 1, 1, 6, 7, 3, 8, 2, 1, 3, 1, 1, 2, 6, 4, 9, 5, 1, 4, 8, 1, 4, 2, 4, 3, 1, 1, 9, 4, 4, 5, 4, 1, 4, 3, 2, 2]
[(37, [1, 2, 3, 4, 5, 9])]
[4, 4, 3, 4, 2, 1, 6, 5, 5, 9, 2, 4, 3, 4, 5, 7, 2, 1, 2, 2, 1, 8, 7, 6, 4, 2, 2, 3, 3, 8, 1, 3, 2, 9, 3, 3, 7, 1, 4, 4, 3, 4, 1, 1, 8, 1, 1, 6, 7, 3, 8, 2, 1, 3, 1, 1, 2, 6, 4, 9, 5, 1, 4, 8, 1, 4, 2, 4, 3, 1, 1, 9, 4, 4, 5, 4, 1, 4, 3, 2, 2]
